3
8
18
19
49
95
88
48
78
51
46
98
95
67
52
66
60
78
51
60
90
74
54
56
61
94
97
90
65
55
84
56
99
85
80
51
97
73
88
85
50
84
58
62
48
74
99
80
85
82
90
75
64
99
74
59
73
71
57
93
86
93
77
51
70
63
75
81
58
49
71
57
61
48
87
93
67
72
93
68
78
92
75
95
51
79
53
94
69
50
69
58
58
46
95
94
48
83
53
98
67
83
48
60
74
79
55
68
68
100
64
92
98
65
89
97
94
79
59
77
87
75
81
94
100
58
87
58
95
96
97
47
69
70
88
96
63
94
99
87
76
67
66
100
61
100
92
68
100
74
92
69
94
76
91
60
65
96
86
87
58
49
68
100
96
82
53
100
95
59
77
54
55
65
73
69
79
80
60
84
86
94
98
56
98
83
81
59
68
82
61
79
62
58
76
76
98
68
92
74
95
65
54
79
63
64
76
69
89
66
52
63
78
74
82
84
94
53
68
67
82
99
70
46
60
50
87
92
67
50
90
63
95
82
66
79
99
99
62
90
79
67
53
72
63
66
50
46
52
90
62
54
85
51
83
90
49
75
83
91
92
66
53
75
65
94
92
50
64
69
48
48
73
78
71
74
96
48
64
73
82
82
73
80
73
49
81
57
86
99
83
85
89
74
52
63
97
94
59
63
47
67
61
80
83
80
88
86
61
83
87
67
97
93
80
57
90
87
58
97
64
64
83
46
98
85
59
63
62
80
63
91
91
48
63
87
91
100
94
77
89
78
89
49
51
66
82
71
64
96
90
55
56
54
70
58
82
71
88
59
73
72
97
96
70
75
75
46
72
51
66
71
56
54
80
69
96
82
84
100
53
57
85
87
89
59
84
86
65
54
62
51
92
84
56
88
73
64
58
63
66
50
47
53
61
93
68
86
53
75
97
94
73
58
59
48
46
56
74
88
89
54
87
84
76
72
59
92
99
99
98
66
84
92
46
55
82
53
48
55
86
93
49
72
57
90
79
78
89
59
62
67
75
48
78
59
91
82
78
58
47
59
52
56
83
74
100
96
93
87
52
46
89
62
49
51
47
89
69
99
84
70
56
74
72
53
88
58
58
75
61
58
87
66
68
56
74
76
88
67
69
87
51
95
77
100
58
53
62
52
76
46
57
70
58
62
49
52
54
59
61
55
80
46
100
81
61
98
71
97
89
90
54
56
77
94
98
64
76
95
72
85
61
59
60
53
60
64
57
51
56
50
94
95
89
75
87
69
98
48
49
80
79
90
88
93
86
50
85
67
59
66
47
64
83
94
94
66
59
98
97
65
81
62
78
88
52
91
68
98
61
88
87
64
94
65
56
62
98
94
80
49
63
53
50
59
48
57
74
50
73
85
67
84
64
99
70
61
57
68
81
78
54
70
97
78
89
94
55
53
61
54
82
96
88
74
80
54
69
66
69
54
88
88
63
51
84
46
98
73
56
94
79
64
66
68
65
80
64
93
95
61
46
69
56
87
95
67
82
79
61
94
100
54
77
49
87
85
78
50
72
99
72
62
99
54
90
69
93
85
67
58
71
75
71
54
74
56
63
64
77
80
52
61
97
59
87
81
90
77
63
48
56
85
47
50
76
57
56
49
92
89
61
81
100
54
71
95
49
73
87
55
61
57
83
85
51
56
62
83
88
92
51
65
55
90
62
94
53
93
68
62
98
52
64
86
53
48
67
90
77
68
75
99
98
87
48
51
55
91
99
74
56
92
91
76
46
57
77
87
57
86
82
61
79
65
55
92
64
82
75
90
60
81
76
79
70
62
49
99
59
47
98
95
64
46
70
89
87
81
52
90
70
71
56
87
53
65
86
78
54
75
81
82
51
60
73
86
70
69
46
75
76
79
49
61
97
78
50
58
59
59
73
69
77
80
83
51
46
60
58
71
70
100
81
90
100
60
60
79
100
54
100
65
70
49
67
85
70
86
53
86
53
100
68
79
61
88
85
48
81
91
54
86
95
75
87
48
60
80
60
76
55
82
83
68
73
77
68
99
82
55
93
67
90
63
88
74
97
54
56
91
46
91
88
56
52
73
76
94
74
85
91
94
63
86
76
97
99
74
85
72
52
77
50
65
58
75
75
88
55
50
50
56
95
79
59
75
82
68
89
67
60
58
88
91
68
74
72
80
69
88
55
51
85
71
91
80
56
95
60
75
50
97
62
72
83
86
70
73
67
98
70
86
65
70
56
73
83
74
53
59
71
84
81
67
52
92
59
79
54
54
75
98