5
15
77
41
93
50
7
19
15
46
21
83
37
55
7
22
37
12
16
23
20
81
28
84
52
47
37
85
48
9
23
66
10
8
95
10
2
44
20
97
73
15
76
40
88
74
58
98
11
58
87
19
52
73
29
69
36
55
28
75
22
99
93
63
51
78
7
34
32
97
66
2
1
65
82
46
25
2
8
42
30
40
42
4
93
97
80
91
88
24
61
71
83
47
52
5
11
53
12
93
73
33
36
86
40
29
27
48
26
44
79
86
98
53
96
14
74
64
29
25
95
53
40
95
86
90
7
23
25
5
89
30
7
76
47
32
89
56
59
70
94
47
44
22
9
45
62
61
38
53
35
73
67
2
68
31
1
86
59
84
77
95
68
52
86
63
77
49
73
59
72
94
69
68
63
5
81
20
26
39
59
56
70
16
72
84
45
51
34
71
93
26
39
13
37
70
16
43
78
75
34
73
63
57
68
55
20
35
58
60
80
38
64
46
64
73
90
64
18
32
46
97
14
6
87
68
61
73
4
61
63
3
16
7
2
30
52
71
22
32
38
44
11
56
70
71
6
88
86
68
44
6
34
67
66
36
78
20
24
89
93
85
93
30
81
34
31
58
3
21
90
65
40
39
61
37
18
37
94
26
58
4
82
73
24
57
70
46
1
59
7
10
27
89
7
95
48
48
97
88
12
4
14
54
78
50
21
43
66
90
91
56
6
74
91
84
31
28
69
6
44
100
80
67
53
57
89
88
16
60
27
30
88
61
26
51
14
50
49
91
68
77
67
100
71
43
13
79
81
11
42
77
72
35
19
25
35
84
50
80
71
48
38
97
53
71
55
32
30
11
12
45
33
46
71
10
48
55
12
31
93
99
21
95
85
29
60
66
36
82
25
82
56
28
98
20
34
78
16
67
24
67
51
87
2
58
33
61
63
52
91
92
36
2
50
18
6
25
35
12
51
99
1
18
40
80
24
43
6
29
69
20
92
41
74
24
60
14
16
99
76
100
36
32
87
16
35
72
94
18
32
58
18
2
44
98
16
50
62
42
13
86
40
72
3
99
93
56
8
72
2
54
54
47
4
9
25
38
92
43
61
47
5
19
26
14
64
31
47
26
85
81
81
63
15
19
13
36
72
60
61
62
54
11
91
6
73
40
65
22
100
51
93
85
65
85
94
72
33
68
48
40
81
14
38
24
27
13
98
27
60
26
26
53
20
9
64
2
14
56
46
38
53
45
19
7
27
47
85
66
38
33
50
25
73
70
32
83
14
38
18
94
21
89
88
77
22
42
4
15
65
97
40
75
23
42
75
35
15
50
88
75
18
42
88
36
99
46
28
64
21
45
49
33
47
43
10
25
31
53
7
96
94
74
14
19
9
89
80
80
20
37
92
62
62
88
17
30
84
15
45
7
56
39
31
12
24
97
92
49
45
96
71
91
43
55
22
99
61
3
40
16
7
1
1
32
11
7
96
89
95
11
43
12
88
40
64
53
48
87
85
72
5
30
36
77
11
81
91
29
24
15
42
89
79
42
16
18
8
90
50
96
38
32
61
70
56
81
39
69
64
20
2
72
42
15
86
73
75
16
91
67
59
61
65
14
33
97
9
64
2
86
11
15
25
60
39
91
14
57
56
1
24
64
37
57
90
77
62
68
4
51
83
64
58
59
85
100
67
37
65
18
24
62
1
11
66
92
88
36
16
29
26
42
60
44
69
77
9
63
96
36
56
28
21
19
49
24
2
71
10
52
63
4
29
39
86
30
30
7
92
12
25
60
51
47
73
25
73
93
79
86
73
38
81
27
72
65
89
39
13
50
92
5
57
28
90
23
81
22
99
44
65
97
21
58
42
31
65
77
19
99
23
81
57
81
10
37
89
31
56
9
70
42
93
15
93
64
17
64
63
92
89
3
6
85
68
14
67
96
33
95
13
12
10
22
72
2
77
31
97
98
74
75
78
48
39
45
72
93
16
9
66
1
12
33
83
44
66
90
6
9
39
57
20
6
90
54
71
7
58
17
54
90
22
93
50
81
9
97
6
83
75
39
56
54
41
58
30
57
13
90
1
98
68
56
13
13
51
46
49
10
72
2
89
81
98
9
8
50
43
37
65
83
88
72
29
73
45
64
75
37
91
95
58
72
63
14
61
97
54
78
78
31
40
15
21
54
45
51
49
62
61
73
30
69
69
75
44
87
62
41
71
56
81
77
13
6
93
82
81
49
56
90
13
60
75
81
95
54
61
62
59
29
84
49
67
28
76
33